# coding: utf-8
import numpy as np
import matplotlib.pyplot as plt


#录入身高与体重数据
height = [-2048,-2048,-2048,-2048,-2048,-2048,-2048,-2048,-2048,-1536,-1536,-1536,-1536,-1536,-1536,-1536,-1536,-1536,-1024,-1024,-1024,-1024,-1024,-1024,-1024,-1024,-1024,-512,-512,-512,-512,-512,-512,-512,-512,-512,0,0,0,0,0,0,0,0,0,512,512,512,512,512,512,512,512,512,1024,1024,1024,1024,1024,1024,1024,1024,1024,1536,1536,1536,1536,1536,1536,1536,1536,1536,-2048,-2048,-2048,-2048,-2048,-2048,-2048,-2048,-2048,]
weight = [-2048,-1536,-1024,-512,0,512,1024,1536,-2048,-2048,-1536,-1024,-512,0,512,1024,1536,-2048,-2048,-1536,-1024,-512,0,512,1024,1536,-2048,-2048,-1536,-1024,-512,0,512,1024,1536,-2048,-2048,-1536,-1024,-512,0,512,1024,1536,-2048,-2048,-1536,-1024,-512,0,512,1024,1536,-2048,-2048,-1536,-1024,-512,0,512,1024,1536,-2048,-2048,-1536,-1024,-512,0,512,1024,1536,-2048,-2048,-1536,-1024,-512,0,512,1024,1536,-2048,]

plt.scatter(height,weight,s=40,c='r',marker='.')     #散点图生成
plt.xlabel('x')                             # plt.xlabel 设置x轴标签
plt.ylabel('y')                             # plt.ylabel 设置y轴标签
plt.title('cpos')                                    #plt.title  设置图像标题

iso_height = [0,-256,-512,-768,-1024,-1280,-1536,-1792,0,256,0,-256,-512,-768,-1024,-1280,-1536,256,512,256,0,-256,-512,-768,-1024,-1280,512,768,512,256,0,-256,-512,-768,-1024,768,1024,768,512,256,0,-256,-512,-768,1024,1280,1024,768,512,256,0,-256,-512,1280,1536,1280,1024,768,512,256,0,-256,1536,1792,1536,1280,1024,768,512,256,0,1792,0,-256,-512,-768,-1024,-1280,-1536,-1792,0,]
iso_weight = [-4096,-3584,-3072,-2560,-2048,-1536,-1024,-512,-4096,-3584,-3072,-2560,-2048,-1536,-1024,-512,0,-3584,-3072,-2560,-2048,-1536,-1024,-512,0,512,-3072,-2560,-2048,-1536,-1024,-512,0,512,1024,-2560,-2048,-1536,-1024,-512,0,512,1024,1536,-2048,-1536,-1024,-512,0,512,1024,1536,2048,-1536,-1024,-512,0,512,1024,1536,2048,2560,-1024,-512,0,512,1024,1536,2048,2560,3072,-512,-4096,-3584,-3072,-2560,-2048,-1536,-1024,-512,-4096,]

plt.scatter(iso_height,iso_weight,s=40,c='g',marker='.')     #散点图生成
plt.xlabel('x')                             # plt.xlabel 设置x轴标签
plt.ylabel('y')                             # plt.ylabel 设置y轴标签
plt.title('mpos')                                    #plt.title  设置图像标题


plt.axis('equal')


plt.show()
